
# map1

boundary 0.0 -5.0 0.0 10.0 20.0 6.0
#   x_min, y_min, z_mi  x_max, y_max, z_max   R    G   B
block  0.0  0.0    4.5   10.0   0.5    6.0   255   0   0

block  0.0  0.0    0.0   3.0    0.5    4.5   255   0   0
block  7.0  0.0    0.0   10.0   0.5    4.5   255   0   0

block  2.0  2.0    0.0   8.0    2.5    4.0   255   0   0

block  4.0  9.0    5.0   6.0    10.0    6.0   255   0   0

block  2.5  6.0    2.0   7.5    12.0    2.5   255   0   0
block  2.5  6.0    0.0   3.5    7.0    2.0   255   0   0
block  6.5  6.0    0.0   7.5    7.0    2.0   255   0   0
block  2.5  11.0    0.0   3.5    12.0    2.0   255   0   0
block  6.5  11.0    0.0   7.5    12.0    2.0   255   0   0

block  4.9  9.9    2.5   5.1    10.1    3.5   255   0   0


block  0.0  19.5    0.0   10.0   20.0    1.5   255   0   0
block  0.0  19.5    4.5   10.0   20.0    6.0   255   0   0

block  0.0  19.5    1.5   3.0    20.0    4.5   255   0   0
block  7.0  19.5    1.5   10.0   20.0    4.5   255   0   0


